       -1.000000    3.846154E-02
   -9.795918E-01    4.001600E-02
   -9.591837E-01    4.166522E-02
   -9.387755E-01    4.341693E-02
   -9.183674E-01    4.527967E-02
   -8.979592E-01    4.726284E-02
   -8.775511E-01    4.937687E-02
   -8.571429E-01    5.163329E-02
   -8.367348E-01    5.404492E-02
   -8.163266E-01    5.662601E-02
   -7.959185E-01    5.939246E-02
   -7.755103E-01    6.236200E-02
   -7.551022E-01    6.555451E-02
   -7.346940E-01    6.899225E-02
   -7.142859E-01    7.270027E-02
   -6.938777E-01    7.670678E-02
   -6.734695E-01    8.104365E-02
   -6.530614E-01    8.574690E-02
   -6.326532E-01    9.085745E-02
   -6.122451E-01    9.642178E-02
   -5.918369E-01    1.024929E-01
   -5.714288E-01    1.091313E-01
   -5.510206E-01    1.164064E-01
   -5.306125E-01    1.243976E-01
   -5.102043E-01    1.331964E-01
   -4.897962E-01    1.429080E-01
   -4.693880E-01    1.536540E-01
   -4.489799E-01    1.655746E-01
   -4.285717E-01    1.788319E-01
   -4.081635E-01    1.936132E-01
   -3.877554E-01    2.101345E-01
   -3.673472E-01    2.286446E-01
   -3.469391E-01    2.494283E-01
   -3.265309E-01    2.728095E-01
   -3.061228E-01    2.991523E-01
   -2.857146E-01    3.288585E-01
   -2.653065E-01    3.623598E-01
   -2.448983E-01    4.000993E-01
   -2.244901E-01    4.424983E-01
   -2.040820E-01    4.898992E-01
   -1.836738E-01    5.424754E-01
   -1.632656E-01    6.000990E-01
   -1.428575E-01    6.621612E-01
   -1.224493E-01    7.273543E-01
   -1.020411E-01    7.934557E-01
   -8.163298E-02    8.571929E-01
   -6.122482E-02    9.143175E-01
   -4.081666E-02    9.600154E-01
   -2.040849E-02    9.896947E-01
   -3.315508E-07        1.000000
    2.040783E-02    9.896953E-01
    4.081599E-02    9.600166E-01
    6.122416E-02    9.143192E-01
    8.163232E-02    8.571948E-01
    1.020405E-01    7.934578E-01
    1.224486E-01    7.273564E-01
    1.428568E-01    6.621632E-01
    1.632650E-01    6.001009E-01
    1.836731E-01    5.424771E-01
    2.040813E-01    4.899008E-01
    2.244895E-01    4.424998E-01
    2.448976E-01    4.001006E-01
    2.653058E-01    3.623609E-01
    2.857140E-01    3.288595E-01
    3.061221E-01    2.991532E-01
    3.265303E-01    2.728103E-01
    3.469384E-01    2.494290E-01
    3.673466E-01    2.286452E-01
    3.877547E-01    2.101351E-01
    4.081629E-01    1.936137E-01
    4.285710E-01    1.788324E-01
    4.489792E-01    1.655750E-01
    4.693874E-01    1.536544E-01
    4.897955E-01    1.429084E-01
    5.102037E-01    1.331967E-01
    5.306118E-01    1.243979E-01
    5.510200E-01    1.164066E-01
    5.714281E-01    1.091316E-01
    5.918363E-01    1.024931E-01
    6.122444E-01    9.642196E-02
    6.326526E-01    9.085762E-02
    6.530607E-01    8.574706E-02
    6.734689E-01    8.104379E-02
    6.938770E-01    7.670692E-02
    7.142852E-01    7.270040E-02
    7.346933E-01    6.899236E-02
    7.551015E-01    6.555461E-02
    7.755097E-01    6.236210E-02
    7.959178E-01    5.939255E-02
    8.163260E-01    5.662610E-02
    8.367341E-01    5.404500E-02
    8.571423E-01    5.163337E-02
    8.775504E-01    4.937694E-02
    8.979586E-01    4.726291E-02
    9.183667E-01    4.527973E-02
    9.387749E-01    4.341699E-02
    9.591830E-01    4.166527E-02
    9.795912E-01    4.001605E-02
        1.000000    3.846154E-02
