   -9.969102E-01    3.869108E-02
   -9.723499E-01    4.059000E-02
   -9.238485E-01    4.476796E-02
   -8.526002E-01    5.215620E-02
   -7.603593E-01    6.470960E-02
   -6.493970E-01    8.663327E-02
   -5.224453E-01    1.278163E-01
   -3.826299E-01    2.145858E-01
   -2.333936E-01    4.234034E-01
   -7.841060E-02    8.667723E-01
    7.850298E-02    8.665001E-01
    2.334837E-01    4.232149E-01
    3.827155E-01    2.145104E-01
    5.225242E-01    1.277826E-01
    6.494674E-01    8.661610E-02
    7.604195E-01    6.470002E-02
    8.526486E-01    5.215058E-02
    9.238840E-01    4.476468E-02
    9.723715E-01    4.058827E-02
    9.969175E-01    3.869054E-02
