       -1.000000    3.846154E-02
   -8.947368E-01    4.758766E-02
   -7.894737E-01    6.030739E-02
   -6.842105E-01    7.871785E-02
   -5.789473E-01    1.066155E-01
   -4.736841E-01    1.512993E-01
   -3.684210E-01    2.276167E-01
   -2.631578E-01    3.661259E-01
   -1.578946E-01    6.160413E-01
   -5.263147E-02    9.352334E-01
    5.263169E-02    9.352329E-01
    1.578948E-01    6.160406E-01
    2.631580E-01    3.661255E-01
    3.684212E-01    2.276165E-01
    4.736844E-01    1.512992E-01
    5.789475E-01    1.066154E-01
    6.842107E-01    7.871780E-02
    7.894739E-01    6.030735E-02
    8.947371E-01    4.758764E-02
        1.000000    3.846154E-02
