       -1.000000    3.700291E-02
   -8.947368E-01    4.936009E-02
   -7.894737E-01    5.849417E-02
   -6.842105E-01    8.110595E-02
   -5.789473E-01    1.026905E-01
   -4.736841E-01    1.564420E-01
   -3.684210E-01    2.250298E-01
   -2.631578E-01    3.581811E-01
   -1.578946E-01    6.392021E-01
   -5.263147E-02    9.178627E-01
    5.263169E-02    9.178144E-01
    1.578948E-01    6.391690E-01
    2.631580E-01    3.582209E-01
    3.684212E-01    2.250234E-01
    4.736844E-01    1.564235E-01
    5.789475E-01    1.027133E-01
    6.842107E-01    8.108716E-02
    7.894739E-01    5.851050E-02
    8.947371E-01    4.934482E-02
        1.000000    3.702233E-02
