       -1.000000        1.000000
   -9.310345E-01    9.310345E-01
   -8.620690E-01    8.620690E-01
   -7.931035E-01    7.931035E-01
   -7.241380E-01    7.241380E-01
   -6.551725E-01    6.551725E-01
   -5.862070E-01    5.862070E-01
   -5.172415E-01    5.172415E-01
   -4.482760E-01    4.482760E-01
   -3.793105E-01    3.793105E-01
   -3.103450E-01    3.103450E-01
   -2.413794E-01    2.413794E-01
   -1.724139E-01    1.724139E-01
   -1.034484E-01    1.034484E-01
   -3.448288E-02    3.448288E-02
    3.448264E-02    3.448264E-02
    1.034482E-01    1.034482E-01
    1.724137E-01    1.724137E-01
    2.413792E-01    2.413792E-01
    3.103447E-01    3.103447E-01
    3.793103E-01    3.793103E-01
    4.482758E-01    4.482758E-01
    5.172413E-01    5.172413E-01
    5.862068E-01    5.862068E-01
    6.551723E-01    6.551723E-01
    7.241378E-01    7.241378E-01
    7.931033E-01    7.931033E-01
    8.620688E-01    8.620688E-01
    9.310343E-01    9.310343E-01
        1.000000        1.000000
