       -1.000000    2.036359E-01
   -9.795918E-01    1.293173E-01
   -9.591837E-01    6.522199E-02
   -9.387755E-01    1.080682E-02
   -9.183674E-01   -3.445992E-02
   -8.979592E-01   -7.109854E-02
   -8.775511E-01   -9.961794E-02
   -8.571429E-01   -1.205155E-01
   -8.367348E-01   -1.342773E-01
   -8.163266E-01   -1.413779E-01
   -7.959185E-01   -1.422803E-01
   -7.755103E-01   -1.374363E-01
   -7.551022E-01   -1.272862E-01
   -7.346940E-01   -1.122588E-01
   -7.142859E-01   -9.277136E-02
   -6.938777E-01   -6.922999E-02
   -6.734695E-01   -4.202913E-02
   -6.530614E-01   -1.155193E-02
   -6.326532E-01    2.183002E-02
   -6.122451E-01    5.775648E-02
   -5.918369E-01    9.587868E-02
   -5.714288E-01    1.358593E-01
   -5.510206E-01    1.773723E-01
   -5.306125E-01    2.201034E-01
   -5.102043E-01    2.637494E-01
   -4.897962E-01    3.080187E-01
   -4.693880E-01    3.526313E-01
   -4.489799E-01    3.973183E-01
   -4.285717E-01    4.418224E-01
   -4.081635E-01    4.858979E-01
   -3.877554E-01    5.293102E-01
   -3.673472E-01    5.718364E-01
   -3.469391E-01    6.132647E-01
   -3.265309E-01    6.533954E-01
   -3.061228E-01    6.920395E-01
   -2.857146E-01    7.290199E-01
   -2.653065E-01    7.641705E-01
   -2.448983E-01    7.973373E-01
   -2.244901E-01    8.283771E-01
   -2.040820E-01    8.571584E-01
   -1.836738E-01    8.835614E-01
   -1.632656E-01    9.074770E-01
   -1.428575E-01    9.288083E-01
   -1.224493E-01    9.474694E-01
   -1.020411E-01    9.633859E-01
   -8.163298E-02    9.764952E-01
   -6.122482E-02    9.867454E-01
   -4.081666E-02    9.940969E-01
   -2.040849E-02    9.985208E-01
   -3.315508E-07    9.999999E-01
    2.040783E-02    9.985288E-01
    4.081599E-02    9.941128E-01
    6.122416E-02    9.867691E-01
    8.163232E-02    9.765268E-01
    1.020405E-01    9.634253E-01
    1.224486E-01    9.475161E-01
    1.428568E-01    9.288626E-01
    1.632650E-01    9.075384E-01
    1.836731E-01    8.836297E-01
    2.040813E-01    8.572338E-01
    2.244895E-01    8.284587E-01
    2.448976E-01    7.974252E-01
    2.653058E-01    7.642643E-01
    2.857140E-01    7.291189E-01
    3.061221E-01    6.921439E-01
    3.265303E-01    6.535045E-01
    3.469384E-01    6.133782E-01
    3.673466E-01    5.719536E-01
    3.877547E-01    5.294308E-01
    4.081629E-01    4.860215E-01
    4.285710E-01    4.419483E-01
    4.489792E-01    3.974459E-01
    4.693874E-01    3.527600E-01
    4.897955E-01    3.081480E-01
    5.102037E-01    2.638786E-01
    5.306118E-01    2.202318E-01
    5.510200E-01    1.774993E-01
    5.714281E-01    1.359840E-01
    5.918363E-01    9.600049E-02
    6.122444E-01    5.787458E-02
    6.326526E-01    2.194358E-02
    6.530607E-01   -1.144372E-02
    6.734689E-01   -4.192718E-02
    6.938770E-01   -6.913513E-02
    7.142852E-01   -9.268454E-02
    7.346933E-01   -1.121809E-01
    7.551015E-01   -1.272183E-01
    7.755097E-01   -1.373793E-01
    7.959178E-01   -1.422352E-01
    8.163260E-01   -1.413458E-01
    8.367341E-01   -1.342594E-01
    8.571423E-01   -1.205127E-01
    8.775504E-01   -9.963141E-02
    8.979586E-01   -7.112949E-02
    9.183667E-01   -3.450951E-02
    9.387749E-01    1.073739E-02
    9.591830E-01    6.513147E-02
    9.795912E-01    1.292044E-01
        1.000000    2.035020E-01
